0.000184,
0.000321, 
0.000496, 
0.000714, 
0.000976, 
0.001285, 
0.001641, 
0.002044, 
0.002490, 
0.002978, 
0.003503, 
0.004058, 
0.004636, 
0.005230, 
0.005830, 
0.006426, 
0.007007, 
0.007564, 
0.008085, 
0.008560, 
0.008980, 
0.009337, 
0.009622, 
0.009831, 
0.009957, 
0.010000, 
0.009957, 
0.009831, 
0.009622, 
0.009337, 
0.008980, 
0.008560, 
0.008085, 
0.007564, 
0.007007, 
0.006426, 
0.005830, 
0.005230, 
0.004636, 
0.004058, 
0.003503, 
0.002978, 
0.002490, 
0.002044, 
0.001641, 
0.001285, 
0.000976, 
0.000714, 
0.000496, 
0.000321, 
0.000184