0.01960784313,
0.01960784313,
0.01960784313,
0.01960784313,
0.01960784313,
0.01960784313,
0.01960784313,
0.01960784313,
0.01960784313,
0.01960784313,
0.01960784313,
0.01960784313,
0.01960784313,
0.01960784313,
0.01960784313,
0.01960784313,
0.01960784313,
0.01960784313,
0.01960784313,
0.01960784313,
0.01960784313,
0.01960784313,
0.01960784313,
0.01960784313,
0.01960784313,
0.01960784313,
0.01960784313,
0.01960784313,
0.01960784313,
0.01960784313,
0.01960784313,
0.01960784313,
0.01960784313,
0.01960784313,
0.01960784313,
0.01960784313,
0.01960784313,
0.01960784313,
0.01960784313,
0.01960784313,
0.01960784313,
0.01960784313,
0.01960784313,
0.01960784313,
0.01960784313,
0.01960784313,
0.01960784313,
0.01960784313,
0.01960784313,
0.01960784313,
0.01960784313